Ι 1088 -

8111101 19. 864.
mabar 19. 1144.
81011 10911111 19. 506.
811111 0111 19. 554.
81118900 19. 001.
111011. 11451.
81111-111091 19. 68.
8111111191 19. 1105.
1811111911 19. 445.
nan-fich 19. 1987.
riman 19. 1191.
8110 9. 19.

nonan 19. 540. 70οἐ
810011 19. 899.
8101919.

8101191111 1910193
8109111οω111 19. 698· 9891
8109111191 19. 515.
8109111019 191860.
Plyg-hnfra 19. 158.
11ίῖ01 tp· 61. 5680
8111111 19. 557.

ἙῙὲῐθ ΒΡ. 560

Ι 8151191111 19. 1171

80611-11011 19. 0011.
801111-1115110 19. 1189.
8091150 19. 505.
80911511 19. 549. 570.
80911-11111 19. 1145.
80911110111 19. 810..
8011181111 19. 900. .
8111109111 19. 174.

, 8111001119 19. 672.

1....111 ...100

81911 19. 524.

8111111 19. 1008.1 ⁴
Friisylla 19. 451. 4741
8015001 19. 557.

Pura 19. 1110.

8011111101 (80181991 191941.

¹ 8800918101 19. 606)

8811101191 19. 019.

88191111 19. 101.

8819011911, 8811010101119. 582
8811110911 19. 101.

88110091 19. 577.

8519111111 19. 954.

8119101101 19. 95⁰·
8119-11000111 19. 1196.Ι
8119-1011111 19. 167.
8119100111 19. 1557.

.· 8110 19. 108. -

8619110191 19. 001. 9. 75.

6111111111 19. 951.

61119111 19. 784.
(1111011111 19. 060.

’ (1111111811, (111111019911 19. 58
., 0010101111 19.17,

eme 19. 108.

(1111911 19. 060.
(11111111 19. 060.
Getkliifving 19. 071.
Getnos sp.677. 9. 244:
Getpors 19. 446.
(11111011 19. 565. 414.
Getrosva, Getmat 19. 1189.
(11011101 19. 885.»
(1111119111 19. 704.
(11011 9. 088.

61111 19. 600.

(1ῐό900, Kypon 19. 561.Ι
(11101118 19. 010.
(1111611 19. 1.

. 6111 (8111111) 19. 505.

Gliseblad 19. 565,
(11999 19. 504. Ι
God-Henrik 19. 283.
Gran 19. 1111.
0111011111· 19. 691.“

 

